0 0 0
0 1 4
0 2 11
0 3 2
0 4 20
0 5 34

1 0 4
1 1 0
1 2 7
1 3 2
1 4 16
1 5 30

2 0 11
2 1 7
2 2 0
2 3 9
2 4 9
2 5 23

3 0 2
3 1 2
3 2 9
3 3 0
3 4 18
3 5 32

4 0 20
4 1 16
4 2 9
4 3 18
4 4 0
4 5 14

New Change #1:
0 0 0
0 1 5
0 2 12
0 3 5
0 4 21
0 5 35

1 0 5
1 1 0
1 2 7
1 3 2
1 4 16
1 5 30

2 0 12
2 1 7
2 2 0
2 3 9
2 4 9
2 5 23

3 0 5
3 1 2
3 2 9
3 3 0
3 4 18
3 5 32

4 0 21
4 1 16
4 2 9
4 3 18
4 4 0
4 5 14

New Change #2:
0 0 0
0 1 5
0 2 12
0 3 5
0 4 21
0 5 19

1 0 5
1 1 0
1 2 7
1 3 2
1 4 16
1 5 24

2 0 12
2 1 7
2 2 0
2 3 9
2 4 9
2 5 23

3 0 5
3 1 2
3 2 9
3 3 0
3 4 18
3 5 24

4 0 21
4 1 16
4 2 9
4 3 18
4 4 0
4 5 14

